Anselmo Cardoso de Paiva
0,140,60,0,40,0,0,10,0,0,70,0,0,0,30,0,0,0,60,25,120,120
675
Aristófanes Corrêa Silva
0,140,60,0,0,0,0,0,0,0,70,0,0,0,0,0,0,0,15,100,80,60
525
Francisco José da Silva e Silva
0,0,0,0,0,0,0,10,0,0,70,60,50,0,30,20,0,0,0,0,80,0
320
Geraldo Braz Júnior
0,0,0,0,0,0,0,0,0,0,210,0,0,0,30,0,0,0,60,0,0,0
300
Tiago Bonini Borchartt
0,0,0,0,0,0,0,10,0,0,70,0,100,0,0,20,0,0,15,25,0,0
240
João Dallyson Sousa de Almeida
0,70,60,0,0,0,0,0,0,0,70,0,0,0,0,0,0,0,15,25,0,0
240
Luciano Reis Coutinho
0,0,60,0,0,0,0,10,0,0,0,0,100,0,0,20,0,0,0,0,40,0
230
Mário Antonio Meireles Teixeira
0,0,0,0,0,0,0,0,0,0,0,60,0,40,0,20,0,0,0,0,80,0
200
Carlos de Salles Soares Neto
0,0,0,0,0,0,0,10,0,0,0,0,0,0,30,0,0,0,30,0,120,0
190
Areolino de Almeida Neto
0,0,0,0,0,0,0,0,0,0,0,0,0,0,0,40,0,0,30,0,120,0
190
Alexandre César Muniz de Oliveira
0,0,0,50,0,0,0,0,0,0,0,0,0,0,0,20,0,0,15,0,80,0
165
Davi Viana dos Santos
0,0,0,0,0,0,0,0,0,80,0,0,50,0,30,0,0,0,0,0,0,0
160
Samyr Beliche Vale
0,0,0,0,0,0,0,10,0,0,0,0,0,0,0,20,0,0,0,50,40,0
120
Rafael Fernandes Lopes
0,0,0,0,0,0,0,0,0,0,0,0,0,0,0,0,0,0,30,0,0,0
30
Paulo Rogério de Almeida Ribeiro
0,0,0,0,0,0,0,0,0,0,0,0,0,0,0,0,0,0,0,0,0,0
0
