Anselmo Cardoso de Paiva
0,0,0,75,140,0,0,0,40,0,120,0,0,0,0,0,0,0,500,500,1080,1200
672450167
Aristófanes Corrêa Silva
0,0,0,75,140,0,0,0,20,0,0,0,0,0,0,0,0,0,100,250,1080,800
672039425
Alexandre César Muniz de Oliveira
0,0,90,0,0,0,0,0,20,0,0,0,0,0,0,45,0,0,100,250,720,0
672037945
Areolino de Almeida Neto
0,0,0,0,0,0,0,0,0,0,120,100,95,0,0,0,0,0,300,0,360,0
8002319
Mário Antonio Meireles Teixeira
0,0,0,0,0,0,0,0,10,0,0,100,95,80,0,0,0,0,100,500,1440,0
2325
Francisco José da Silva e Silva
0,0,0,0,0,0,0,0,0,0,0,0,95,0,60,0,0,0,0,250,1080,0
1485
Geraldo Braz Júnior
0,0,0,75,140,0,0,0,0,0,0,0,0,0,0,0,0,0,200,1000,0,0
1415
Carlos de Salles Soares Neto
0,0,0,0,0,0,0,0,40,0,0,0,95,0,0,0,0,0,100,0,720,0
955
Luciano Reis Coutinho
0,0,0,0,0,0,0,0,0,0,0,0,0,0,0,0,0,0,100,0,720,0
820
Samyr Beliche Vale
0,0,0,0,0,0,0,0,0,0,0,0,0,0,0,0,0,0,0,0,720,0
720
Davi Viana dos Santos
0,0,0,0,0,0,0,0,0,0,0,0,190,0,0,45,0,0,0,250,0,0
485
Rafael Fernandes Lopes
0,0,0,0,0,0,0,0,0,0,0,0,0,0,0,0,0,0,100,0,360,0
460
João Dallyson Sousa de Almeida
0,0,0,0,0,0,0,0,0,0,0,0,0,0,0,0,0,0,200,250,0,0
450
Paulo Rogério de Almeida Ribeiro
0,0,0,0,0,0,0,0,10,0,0,0,0,0,0,0,0,0,0,0,0,0
10
Tiago Bonini Borchartt
0,0,0,0,0,0,0,0,0,0,0,0,0,0,0,0,0,0,0,0,0,0
0
